torque_max = 280;
power_max = 80000;
Tc = 0.02;
w_eff_bp = [0 1000 2000 2728.370453 3000 4000 5000 6000 7000 8000 9000 10000];
T_eff_bp = [0 20 40 60 80 100 120 140 160 180 200 220 240 260 280];
efficiency_table = [85 85 85 85 85 85 85 85 85 85 85 85 85 85 85;85 85 85 85 85 85 85 85 85 85 85 85 85 85 85;85 85 90 90 90 90 90 90 90 90 88 88 88 88 88;85 85 92 92 92 92 92 92 92 92 92 90 90 90 90;85 85 92 92 93 93 93 93 92 92 92 90 90 90 90;85 85 93 94 94 94 94 94 94 94 94 94 94 94 94;85 85 93 94 94 95 95 95 95 95 95 95 95 95 95;85 85 93 94 94 95 95 95 95 95 95 95 95 95 95;85 85 93 94 95 95 95 95 95 95 95 95 95 95 95;85 85 93 94 95 95 95 95 95 95 95 95 95 95 95;85 85 93 94 94 94 94 94 94 94 94 94 94 94 94;85 85 90 92 93 93 93 93 93 93 93 93 93 93 93];
x_w_eff_vec = [-8000 -4000 0 4000 8000];
x_T_eff_vec = [-0.09 -0.06 -0.03 0 0.03 0.06 0.09];
x_losses_mat = [3.1 2.21 1.67 1.49 1.67 2.31 3.1;2.03 1.14 0.69 0.42 0.69 1.14 2.03;1.68 0.78 0.24 0.06 0.24 0.78 1.68;2.03 1.14 0.69 0.42 0.69 1.14 2.03;3.1 2.21 1.67 1.49 1.67 2.21 3.1];
losses_table = [1.49 1.67 2.21 3.10;0.42 0.69 1.14 2.03;0.06 0.24 0.27 1.68;0.42 0.69 1.14 2.03;1.49 1.67 2.31 3.10];
w_t = [0 375 750 800];
T_t = [0.09 0.08 0.07 0];


